camera_matrix:
- [587.1614262167607, 0.0, 607.8933581053788]
- [0.0, 589.9056811569684, 522.8111257253374]
- [0.0, 0.0, 1.0]
dist_coeff:
- [0.009934804029246737, 0.08224112260092176, 0.021534402801406213, -0.014328926844772227,
  -0.04472529352273073]
